#RANGEA,COM1,0,60.0,FINESTEERING,1939,138890.100,00000000,0000,1114;12,1,0,21572966.108,0.050,4291096127.537735,0.006,-2617.762,49.7,954.828,18009c24,6,0,23528086.821,0.050,5366254.631035,0.008,2974.972,43.5,408.821,08009c44,3,0,21745952.283,0.050,2910454.116160,0.006,1230.610,47.3,627.807,08009c64,28,0,20526280.074,0.050,2814483.614265,0.006,1033.463,48.0,626.631,18009c84,11,0,22543413.264,0.050,4290689251.216135,0.008,-2801.607,45.2,627.804,08009ca4,22,0,22263650.047,0.050,254901.646970,0.006,-380.105,47.1,627.805,08009cc4,17,0,22291598.812,0.050,2540070.854738,0.006,1404.125,51.5,956.405,18009d24,19,0,23162243.294,0.050,3832283.238070,0.008,2148.948,45.4,955.262,18009d84,30,0,22611482.069,0.050,4290978182.719625,0.006,-2729.281,47.2,627.804,08009da4,143,0,36842149.946,0.075,52811.993767,0.010,-12.152,38.6,3.475,08049e44,148,0,36701516.254,0.075,-473314.883536,0.008,-306.133,40.4,4.297,08049ee4,153,0,0.000,0.050,3015079.150620,0.008,-59.769,39.0,23.677,08048b80*288f461c

OK!
Command accepted! Port: COM1.
#SATXYZA,COM1,0,60.0,FINESTEERING,1939,138890.100,00000000,0000,1114;0.0,11,1,-14083222.4653,6265542.2787,21497287.2120,15197.261,2.034841467,3.421360211,0.000000000,0.000000000,6,6556436.5812,25451261.2944,-3772450.9783,96247.713,3.222596040,6.737724064,0.000000000,0.000000000,3,-22699598.0763,11889690.8076,6941300.4718,-32174.299,2.054685417,3.458628799,0.000000000,0.000000000,28,-7775856.8435,19060315.6328,17413872.8821,178340.066,1.521553173,2.474398158,0.000000000,0.000000000,11,-17495552.2797,795653.3893,19398236.9846,-201873.465,2.632678634,4.736226078,0.000000000,0.000000000,22,-22278219.2174,5823503.6543,13545595.8939,24428.467,2.260097821,3.864927231,0.000000000,0.000000000,17,6041189.8556,17212132.0051,19719803.5910,-56644.311,2.150246343,3.642629700,0.000000000,0.000000000,19,13001415.2106,17609400.9299,14569432.1069,-153268.479,2.963925188,5.733528017,0.000000000,0.000000000,30,-438363.4491,26214792.6474,-3830551.0170,48089.904,2.612924861,4.684409478,0.000000000,0.000000000,143,-14746603.4691,39509008.5495,1083049.8189,19654.776,1.793742873,2.986603303,0.000000000,0.000000000,148,-6558570.0757,25258999.9155,33227146.4383,-270298.186,1.624586563,2.684380728,0.000000000,0.000000000*B6D8356C

OK!
Command accepted! Port: COM1.



